43.666666667
40.0
80.666666667
64.666666667
41.0
70.333333333
67.333333333
62.666666667
52.0
77.333333333
58.333333333
62.333333333
69.333333333
38.666666667
53.333333333
57.333333333
65.666666667
77.666666667
69.666666667
62.666666667
66.0
75.666666667
43.666666667
50.333333333
60.333333333
60.666666667
85.666666667
61.333333333
45.333333333
78.333333333
61.0
67.0
77.333333333
77.666666667
43.666666667
70.0
78.666666667
80.0
66.666666667
52.0
71.0
61.0
62.333333333
55.0
60.0
51.333333333
91.0
61.333333333
37.0
75.666666667
45.666666667
54.333333333
72.333333333
65.0
40.0
60.0
41.0
60.666666667
49.0
62.333333333
75.0
51.333333333
59.333333333
70.333333333
39.0
71.333333333
48.666666667
57.0
51.333333333
80.0
48.0
53.333333333
67.333333333
58.333333333
44.0
53.333333333
83.0
78.0
39.0
71.666666667
67.666666667
73.0
39.666666667
82.666666667
75.333333333
54.666666667
72.333333333
74.333333333
69.333333333
53.333333333
56.333333333
67.666666667
44.333333333
61.333333333
53.666666667
71.0
37.0
53.666666667
66.0
68.0
67.666666667
88.0
53.666666667
63.333333333
48.333333333
92.0
50.333333333
76.0
75.666666667
49.333333333
46.0
56.333333333
49.0
54.0
45.333333333
67.0
33.0
76.666666667
72.666666667
59.666666667
44.333333333
70.0
46.333333333
38.333333333
55.333333333
59.666666667
46.666666667
50.0
57.666666667
76.333333333
69.333333333
90.0
55.0
58.992481203 61.721804511 62.345864662